0 0.508844 0.563076 0.054641 0.069764
0 0.251699 0.551868 0.041086 0.047903
0 0.912305 0.594444 0.085547 0.065278
0 0.332090 0.486021 0.039102 0.046042
0 0.737133 0.799937 0.119156 0.170208
0 0.918469 0.554812 0.069719 0.053653
0 0.391375 0.633736 0.087391 0.192000
0 0.429262 0.571285 0.037742 0.065042
0 0.432312 0.509347 0.048484 0.064000
0 0.372648 0.476049 0.038906 0.043875
0 0.293238 0.778486 0.072430 0.150000
0 0.737738 0.492535 0.051555 0.051847
0 0.748547 0.577972 0.070609 0.064361
0 0.544289 0.733528 0.073797 0.110306
0 0.322051 0.417250 0.041477 0.034167
0 0.292254 0.506646 0.039008 0.062097
0 0.328020 0.541375 0.038570 0.062972
0 0.897281 0.460250 0.070922 0.064389
0 0.196961 0.389979 0.025625 0.023431
0 0.212855 0.402250 0.025414 0.027167
0 0.263973 0.403389 0.040336 0.023139
0 0.264531 0.411556 0.019922 0.026500
0 0.400207 0.416722 0.040117 0.032028
0 0.301063 0.596229 0.042797 0.074347
0 0.290633 0.440597 0.040937 0.044389
0 0.261160 0.454271 0.033680 0.037681
0 0.261738 0.485090 0.037742 0.041292
