0 0.170172 0.392535 0.016938 0.023653
0 0.447281 0.573403 0.053781 0.065833
0 0.596523 0.529813 0.038641 0.048931
0 0.522504 0.693181 0.066523 0.116250
0 0.676910 0.580743 0.062211 0.066819
0 0.928004 0.608486 0.085852 0.075306
0 0.397266 0.657521 0.072344 0.137236
0 0.608789 0.474069 0.048984 0.051583
0 0.979398 0.582556 0.041125 0.076556
0 0.934004 0.688194 0.090664 0.088056
0 0.283734 0.782111 0.080500 0.169556
0 0.894426 0.962799 0.155211 0.074403
0 0.662242 0.474403 0.045578 0.034639
0 0.279203 0.991972 0.080594 0.016056
0 0.677344 0.963313 0.111219 0.073375
0 0.284828 0.630569 0.050406 0.073917
0 0.277270 0.592236 0.045648 0.060000
0 0.329422 0.548431 0.043547 0.061972
0 0.235965 0.524535 0.037805 0.054014
0 0.341238 0.494701 0.041305 0.054708
0 0.344398 0.467771 0.040828 0.037736
0 0.546945 0.583562 0.072656 0.101403
0 0.499629 0.485861 0.049086 0.053278
0 0.536887 0.436611 0.040008 0.041194
0 0.444707 0.467569 0.044227 0.043194
0 0.480230 0.434250 0.027867 0.037833
0 0.473789 0.421806 0.049422 0.038833
0 0.314551 0.419118 0.030195 0.034069
0 0.200691 0.478285 0.037383 0.052264
0 0.240180 0.466083 0.035703 0.044306
0 0.263281 0.448292 0.039625 0.046556
0 0.213086 0.438708 0.035281 0.039333
0 0.264047 0.411201 0.024922 0.032597
0 0.238008 0.401000 0.028844 0.030611
0 0.189844 0.397639 0.018203 0.023389
0 0.392707 0.443215 0.034133 0.037875
0 0.381996 0.427625 0.033758 0.030333
0 0.377699 0.414931 0.024930 0.029472
0 0.811191 0.676153 0.085023 0.082917
0 0.682719 0.721694 0.086203 0.128083
