0 0.267125 0.484535 0.046656 0.052708
0 0.773313 0.428882 0.050391 0.055542
0 0.408824 0.437187 0.028898 0.029042
0 0.374414 0.443569 0.034922 0.033889
0 0.184504 0.391222 0.019758 0.019861
0 0.172113 0.397701 0.017336 0.021319
0 0.212125 0.398569 0.026406 0.032250
0 0.249387 0.397437 0.027055 0.021264
0 0.258051 0.551639 0.041148 0.055583
0 0.346668 0.490868 0.047305 0.054431
0 0.453910 0.519819 0.047305 0.061056
0 0.427891 0.939069 0.145703 0.121861
0 0.482508 0.441743 0.040453 0.028458
0 0.778180 0.561993 0.084578 0.095264
0 0.846027 0.562396 0.069867 0.079153
0 0.306184 0.413299 0.020102 0.019597
0 0.613719 0.476444 0.036594 0.034639
0 0.575605 0.480167 0.052039 0.051056
0 0.482926 0.471910 0.041492 0.029542
0 0.386320 0.626479 0.060344 0.094069
0 0.591023 0.523118 0.037328 0.045514
0 0.456922 0.587201 0.055906 0.070347
0 0.276934 0.604681 0.046836 0.076667
0 0.718422 0.604090 0.064609 0.080347
0 0.528711 0.726479 0.068359 0.103097
0 0.818008 0.928674 0.156047 0.142653
