0 0.334727 0.426542 0.030234 0.028083
0 0.343082 0.412438 0.025914 0.023181
0 0.830715 0.612056 0.071617 0.062139
0 0.423809 0.421687 0.037070 0.034153
0 0.180270 0.416819 0.019570 0.034333
0 0.238672 0.521167 0.039844 0.063167
0 0.433566 0.900764 0.106273 0.198472
0 0.985695 0.636264 0.028609 0.087583
0 0.853082 0.944444 0.107055 0.111111
0 0.191492 0.442799 0.028719 0.036792
0 0.308477 0.530333 0.043359 0.070667
0 0.632270 0.561222 0.052352 0.050056
0 0.274164 0.839660 0.086047 0.135431
0 0.860922 0.705556 0.107156 0.092222
0 0.190488 0.472562 0.016680 0.044597
0 0.189500 0.393681 0.021703 0.024750
0 0.234129 0.400104 0.021867 0.025347
0 0.253477 0.404639 0.031578 0.029806
0 0.296738 0.465646 0.044555 0.050458
0 0.346324 0.492694 0.044148 0.044833
0 0.563000 0.486382 0.049625 0.048875
0 0.567281 0.451875 0.041938 0.036889
0 0.599234 0.642576 0.073234 0.090486
0 0.507133 0.463743 0.040359 0.039431
0 0.663789 0.522736 0.052422 0.046472
0 0.381484 0.625299 0.052031 0.075042
