0 0.241836 0.467681 0.038047 0.052417
0 0.620637 0.551736 0.052273 0.053194
0 0.651484 0.517569 0.052187 0.042639
0 0.428512 0.503049 0.044680 0.054569
0 0.664125 0.495111 0.047875 0.039556
0 0.453152 0.958306 0.119242 0.083389
0 0.560852 0.512431 0.048672 0.052917
0 0.222000 0.426722 0.032641 0.029694
0 0.194418 0.438292 0.027195 0.028667
0 0.369551 0.508917 0.049930 0.056639
0 0.205391 0.484118 0.035469 0.055458
0 0.733398 0.620701 0.071641 0.075847
0 0.774672 0.544236 0.053875 0.044306
0 0.743117 0.560979 0.059516 0.051958
0 0.357105 0.423361 0.026695 0.024306
0 0.348723 0.432021 0.035977 0.031986
0 0.438418 0.440778 0.037492 0.040417
0 0.506086 0.445736 0.120047 0.132500
0 0.215883 0.401514 0.034000 0.026250
0 0.289469 0.501903 0.037484 0.041806
0 0.502387 0.554028 0.049195 0.056472
0 0.267316 0.539250 0.040164 0.069194
0 0.866848 0.720812 0.096039 0.097514
0 0.394383 0.691528 0.062828 0.093444
