0 0.243582 0.433854 0.037383 0.036097
0 0.722699 0.548438 0.064523 0.070153
0 0.499820 0.556868 0.065250 0.073042
0 0.532348 0.674667 0.070008 0.105194
0 0.491508 0.462472 0.038531 0.040222
0 0.447813 0.457743 0.046500 0.048264
0 0.595125 0.531937 0.048922 0.054153
0 0.837266 0.618604 0.090000 0.080875
0 0.622734 0.502292 0.056719 0.049583
0 0.440000 0.582792 0.051719 0.069139
0 0.352129 0.470833 0.046211 0.068611
0 0.290301 0.597153 0.080445 0.175694
0 0.341328 0.543611 0.041875 0.060833
0 0.249883 0.518542 0.047266 0.078194
0 0.971344 0.724882 0.057312 0.095486
0 0.833812 0.555069 0.081875 0.066583
0 0.515426 0.443437 0.050633 0.046875
0 0.432207 0.425729 0.036102 0.033292
0 0.364348 0.437312 0.036102 0.035681
0 0.380527 0.424389 0.026820 0.028500
0 0.325695 0.420535 0.031609 0.028764
0 0.285777 0.405486 0.028164 0.026361
0 0.254574 0.456750 0.030805 0.031111
0 0.175254 0.393278 0.021430 0.020667
0 0.200246 0.401993 0.023523 0.021653
0 0.213477 0.400125 0.020297 0.022889
