0 0.835090 0.689382 0.090305 0.084542
0 0.323359 0.527035 0.047531 0.068514
0 0.348449 0.436556 0.032211 0.022833
0 0.389805 0.431736 0.032266 0.023750
0 0.433371 0.950035 0.126492 0.099931
0 0.765852 0.602361 0.068687 0.075500
0 0.555629 0.460847 0.035242 0.038972
0 0.282715 0.652715 0.056102 0.099875
0 0.502848 0.649896 0.069930 0.107847
0 0.245195 0.468882 0.037844 0.045958
0 0.474445 0.467375 0.056922 0.043306
0 0.485961 0.466681 0.033984 0.043111
0 0.825617 0.553174 0.072453 0.071042
0 0.559059 0.775174 0.082117 0.124764
0 0.315887 0.481826 0.043445 0.038292
0 0.213031 0.394028 0.018719 0.020083
0 0.200484 0.398028 0.026047 0.024361
0 0.304191 0.406910 0.028836 0.024097
0 0.273734 0.410444 0.029016 0.026028
0 0.322012 0.421472 0.031461 0.028917
0 0.622156 0.454736 0.047656 0.034444
0 0.631727 0.479042 0.051797 0.040000
0 0.615945 0.501368 0.050203 0.050375
0 0.384969 0.482361 0.045109 0.054639
0 0.262387 0.545604 0.043086 0.059681
0 0.970906 0.720708 0.058188 0.091972
0 0.212430 0.937194 0.136422 0.125611
