0 0.373281 0.511583 0.045672 0.052194
0 0.254059 0.948340 0.116789 0.103319
0 0.472863 0.971806 0.111977 0.056389
0 0.628684 0.874056 0.127711 0.182278
0 0.651539 0.443403 0.123641 0.093750
0 0.962680 0.606604 0.074641 0.075125
0 0.564996 0.478840 0.052492 0.052153
0 0.566133 0.520493 0.056328 0.047375
0 0.424316 0.562549 0.052336 0.072403
0 0.800590 0.506889 0.063258 0.047667
0 0.682031 0.497563 0.052500 0.052875
0 0.258871 0.546056 0.041852 0.098833
0 0.709703 0.551840 0.060687 0.062014
0 0.821996 0.559021 0.068773 0.055764
0 0.301055 0.650069 0.051656 0.093056
0 0.332496 0.536979 0.043039 0.062375
0 0.778430 0.655236 0.084578 0.071583
0 0.185785 0.434993 0.042117 0.067681
0 0.213480 0.396313 0.034164 0.029375
0 0.247781 0.404278 0.031078 0.025889
0 0.284043 0.405208 0.031086 0.026139
0 0.300777 0.423868 0.027867 0.027625
0 0.361121 0.412667 0.030383 0.026139
0 0.344113 0.432208 0.026883 0.030361
0 0.388285 0.428479 0.033742 0.035847
0 0.276672 0.490618 0.041656 0.050403
0 0.321215 0.480576 0.040898 0.041042
0 0.507457 0.426368 0.103664 0.091375
