0 0.576258 0.483083 0.050875 0.052889
0 0.877773 0.645674 0.082687 0.071264
0 0.232355 0.410111 0.021367 0.025667
0 0.248480 0.915243 0.101789 0.169514
0 0.224574 0.386618 0.027555 0.033986
0 0.248758 0.410444 0.016687 0.023000
0 0.210051 0.404118 0.019117 0.027653
0 0.237027 0.522111 0.037383 0.059333
0 0.265508 0.485972 0.039141 0.045056
0 0.230004 0.454076 0.039898 0.041042
0 0.444875 0.465424 0.039922 0.046319
0 0.459777 0.448771 0.026617 0.035653
0 0.489672 0.441438 0.030922 0.032319
0 0.486957 0.427771 0.027742 0.029653
0 0.371348 0.408910 0.033039 0.030097
0 0.312223 0.404771 0.026508 0.026903
0 0.264824 0.397049 0.022023 0.023458
0 0.175281 0.394451 0.019688 0.024986
0 0.849480 0.694007 0.092242 0.083181
0 0.715543 0.513646 0.055789 0.059792
0 0.773164 0.870417 0.117109 0.148306
0 0.362148 0.435833 0.034766 0.037222
0 0.314648 0.422437 0.025078 0.026819
0 0.673879 0.961812 0.121695 0.076375
0 0.593777 0.465799 0.038242 0.044986
0 0.496523 0.551674 0.055297 0.065542
0 0.422789 0.544160 0.057906 0.075181
0 0.409402 0.675194 0.059086 0.113833
0 0.284801 0.690958 0.060633 0.132806
0 0.340656 0.542938 0.051359 0.061986
0 0.521508 0.653722 0.071312 0.110250
0 0.267227 0.587076 0.047422 0.076542
0 0.700340 0.598917 0.066695 0.071306
0 0.456187 0.604014 0.051344 0.077194
