0 0.548672 0.465278 0.036094 0.045000
0 0.970891 0.840549 0.058219 0.135042
0 0.661066 0.967451 0.114992 0.065097
0 0.229422 0.922069 0.137922 0.155861
0 0.332934 0.483438 0.041648 0.049069
0 0.766156 0.642278 0.077375 0.085111
0 0.498109 0.628722 0.066484 0.102194
0 0.597602 0.826569 0.094047 0.139778
0 0.443539 0.502944 0.049437 0.066778
0 0.401004 0.677424 0.060992 0.114903
0 0.308668 0.521285 0.039961 0.057486
0 0.187770 0.394500 0.015961 0.020917
0 0.173895 0.397361 0.015398 0.023639
0 0.217586 0.407944 0.021297 0.019417
0 0.238176 0.402340 0.019883 0.021153
0 0.262395 0.416778 0.026617 0.027139
0 0.297465 0.419889 0.030961 0.033361
0 0.345770 0.405576 0.035977 0.028125
0 0.406949 0.416778 0.034305 0.037583
0 0.466734 0.423500 0.034578 0.026139
0 0.536895 0.455111 0.037945 0.034111
0 0.531246 0.585229 0.056102 0.068681
0 0.197543 0.447868 0.025898 0.035847
0 0.251520 0.448361 0.038648 0.038833
0 0.380105 0.480757 0.043664 0.043708
0 0.544996 0.502125 0.044727 0.050056
0 0.657918 0.699174 0.088586 0.113542
0 0.628617 0.510549 0.052250 0.047597
0 0.920125 0.651618 0.100234 0.102764
0 0.702773 0.503611 0.056797 0.060000
0 0.647488 0.566903 0.058102 0.051306
0 0.467348 0.444743 0.040352 0.038375
0 0.418711 0.433819 0.039453 0.036250
0 0.369895 0.588750 0.047711 0.070000
0 0.374824 0.519667 0.045898 0.053167
0 0.346539 0.420278 0.036672 0.025556
0 0.885414 0.931986 0.171984 0.136028
0 0.257129 0.479875 0.037695 0.046083
