0 0.372535 0.442840 0.032633 0.034319
0 0.623305 0.679708 0.078016 0.101861
0 0.552844 0.472118 0.052297 0.055625
0 0.262273 0.898542 0.121719 0.191667
0 0.778332 0.642958 0.087617 0.117111
0 0.842543 0.615944 0.072773 0.069472
0 0.616543 0.497646 0.051570 0.059653
0 0.736105 0.518403 0.052773 0.050639
0 0.700043 0.537701 0.057023 0.058625
0 0.476270 0.632667 0.059898 0.081889
0 0.284570 0.629056 0.060859 0.110500
0 0.290625 0.503799 0.038906 0.049764
0 0.438078 0.581937 0.048578 0.063319
0 0.230996 0.468472 0.033633 0.034722
0 0.327797 0.538181 0.041438 0.065528
0 0.990156 0.642319 0.019688 0.057972
0 0.543547 0.584215 0.058781 0.078597
0 0.378922 0.514396 0.046813 0.059181
0 0.385289 0.485500 0.038750 0.045778
0 0.324176 0.446437 0.040836 0.049931
0 0.275020 0.464236 0.035633 0.036528
0 0.237051 0.442965 0.034586 0.034681
0 0.269820 0.438347 0.033031 0.032833
0 0.174449 0.379347 0.064508 0.076722
0 0.223562 0.407910 0.026969 0.028375
0 0.298098 0.406375 0.031477 0.024528
0 0.264004 0.415875 0.023898 0.021417
0 0.255262 0.403785 0.025055 0.027625
0 0.462680 0.521243 0.054359 0.070319
0 0.979375 0.850174 0.041250 0.122681
0 0.662145 0.471660 0.047789 0.046375
0 0.516008 0.434340 0.047422 0.041986
0 0.464566 0.453326 0.036008 0.038653
0 0.408043 0.450826 0.031680 0.036319
0 0.339168 0.419174 0.034883 0.024986
