0 0.379324 0.621146 0.059227 0.097042
0 0.275813 0.703542 0.062688 0.092361
0 0.768801 0.572847 0.067367 0.070972
0 0.772852 0.654910 0.078312 0.086486
0 0.462695 0.950951 0.131016 0.098097
0 0.478762 0.613660 0.064164 0.089292
0 0.589125 0.469229 0.051359 0.049986
0 0.966715 0.708542 0.066570 0.075417
0 0.762918 0.403160 0.037430 0.038125
0 0.555703 0.466528 0.056250 0.057222
0 0.324805 0.422333 0.033203 0.028944
0 0.317988 0.407326 0.026773 0.022875
0 0.271941 0.825556 0.080508 0.143056
0 0.266215 0.409083 0.026773 0.024556
0 0.238082 0.409653 0.026148 0.023056
0 0.190180 0.399882 0.023219 0.021014
0 0.685742 0.740986 0.091797 0.119750
0 0.497332 0.481389 0.042758 0.038750
0 0.426457 0.435618 0.041148 0.037431
0 0.398445 0.450465 0.037875 0.034847
0 0.608117 0.889674 0.110719 0.182292
0 0.814422 0.519597 0.059906 0.057917
0 0.635223 0.557438 0.058961 0.051931
0 0.308316 0.471840 0.041148 0.041042
0 0.274691 0.488569 0.039148 0.044167
0 0.237430 0.532951 0.039391 0.047292
